96322252536339543333111606311132275555
503999725
682849426
684469721
509085952
551406315
611805258
667116950
622150150
683763310
528635183
543200363
652429723
639911005
684295675
624642261
510783527
625921021
633048464
692592577
505922691
629002703
672425709
498307660
612818449
683231227
616004833
575210497
673131315
682315264
683228185
646074879
625180383
661088507
629267430
462317020
594146819
590939905
611005683
695424404
683286301
673130450
607934178
613906167
651140000
680444725
509545720
551818113
576832801
657671551
680404392
616324648
658192261
673436429
518755125
522389671
693504208
604101406
550569683
681308342
545503425
684370065
648404300
691010200
683535801
600010100
506339955
638865473
638007271
643326181
590103286
542696174
628200001
644394921
606850703
641891532
606211314
671208002
654051662
616617254
522886064
641246116
693180383
657723398
632500019
623653103
661622329
524054396
691791240
616243623
673151095
657548291
624004395
657502260
590455865
542922144
613801775
668846366
544801973
677007006
642514608
645223693
544214239
532826108
506931521
682023565
514063627
603300507
684245129
662861128
691301306
630909005
620385444
627447434
656032397
666912710
600318582
607714661
641208996
603023560
644556547
563457511
630510330
643760311
682345378
611809356
675332919
575835069
520248091
571451651
620223897
613928520
683021185
632232158
651109511
660081015
693609605
581349161
553979130
606946561
697003398
528514523
530333697
600203501
683475862
682265603
542692008
577803009
630085514
609339448
694578402
620066788
501252796
518580139
612501406
661009332
469711913
630260527
542690804
684130298
632200514
644440804
523655964
660207339
536412188
502181646
651701184
673015414
651705905
571284028
580521309
542716819
606208201
533706472
645503110
577800524
612502415
623618680
573849582
585208833
549621108
447213013
591019772
636008796
688390016
550297459
660189307
582539203
687606308
690675457
508902001
612212205
690625883
673056329
573213010
538549199
583522222
642503305
600104984
625401351
641973500
572419418
601090196
545640301
612160230
623305130
677342230
590501986
604015130
645407905
686768524
561322997
581825710
609015304
526796086
556622312
616105339
616360477
609180383
684361351
531271520
671400429
608241155
572004571
666012017
549106915
622003012
583453954
666010181
615808140
606105251
657423879
649234222
544316211
542691215
647101047
694958389
610191579
665045113
617044092
684295763
641843452
657573239
541822200
637504195
603358697
554215486
549257714
505447570
531958455
673260093
621101662
655955710
693056700
583416303
613301634
622648713
621001322
657659510
684214221
697665800
665215158
620002256
500636653
536598273
628001350
681472309
680017204
682451355
630203408
644394699
643932856
595909805
548205779
645972754
615279978
642027867
544265703
668116692
615713526
605204605
680407523
539444503
619416448
678229814
533804054
583347161
573360654
693310478
611304295
683449435
673337627
600003135
660083379
655703405
634751319
688329307
681531119
470516208
661212439
678825611
662837934
644929508
678039715
661060122
628829956
604837345
691928454
674639946
664412539
652304027
698727124
572454870
682907464
616702402
669022705
652100451
641842280
510596346
613409866
644124312
619015805
673246563
580447803
696251427
642406648
685360345
680602588
634211102
643941625
576349555
629175252
650030198
660083106
564221317
682312425
623607705
642207709
624802968
618071789
509466103
642732112
561509249
681810112
641534110
564724023
600008909
610914015
571350154
536598273
667332662
661710805
673169014
643133515
633797696
600000001
600000002
600000003
600000004
600000005
600000006
542691868
574464405
639843329
610142341
653156201
695723228
697005948
600000043
552242306
690623216
546465219
510468459
644848028
680519382
642127761
661192261
625018003
611422793
514811217
552858992
595683143
657634927
500655796
600102385
596113475
563977261
698149153
653915138
642500888
611111704
610203449
656091769
576353367
542691560
609010950
619171348
626830148
643933631
673269301
694511414
653543515
694501813
636470511
669858512
550842530
671122312
545477203
683652359
601419102
549229624
573347162
619017469
682383366
643960504
603800285
623403501
600101360
690611105
653556112
610220728
695120399
501091580
551800538
624915484
660059834
580355753
646100109
580349162
504761384
691509671
662205621
673183834
661009015
610399489
572442613
619622265
505601481
627009181
612486007
621192561
630401550
660576798
548998104
608131852
600514841
466321214
561511402
504481243
609102633
605773558
616110919
590455791
594800694
542696187
678467795
606792559
645003877
600398851
661305500
619015269
646104603
681612202
673275830
684480526
571371471
557523409
650906608
673265213
637165531
688024586
546974162
691100106
611808007
596911029
690183572
643012506
666635081
680673574
680551971
622114572
690852703
668051922
623100956
683924148
07E0210_NC1E133509
D843AE4A2380
619101510
656104815
630062657
FCAA14511479
74D43586AC96
689050750
631116858
663214307
543293047
211193675000991
50EBF640E696
645538491
555148223
240233824301610
E89C252D365A
570064940
PETKD0JCY54T0B
00E0584F5ABA
683156524
681085235
FEC4CB3497FA
642214203
574154807
230114816301904
2UA5251YJ0
657411536
PM0410196A002228
622011202
080027455328
662124230
00E04C070C8B
606121673
K617366197
642098733
543768033
644501005
615044478
641236395
571348167
VBNMUIO86
518188665
220504645302294
640211880
07D4822_NB1B366973
3C1ADD0A64DD
638881740
0215230B93DE
681804640
/2221N02/CN7220043L03M2/
3417EB9E35A9
665897502
230925806600020
E89C253E358F
657537741
005056C00001
07C9610_KA1C011471
566289036
663243330
D4K48M202VJ44FA6675EF36
672012700
211295581301821
50EBF67C1CB8
612304308
L1HF24S01E2
6C24084883F4
542694320
/6G79Y93/CNWSC0012S0CZZ/
34735AC9807F
518805952
C025426038GGPF7AX
B82A72BB20AC
619106345
F02F742F903B
543251213
07C5221_O81E555044
345A60090798
672120883
3C528251FABA
658954223
07A3881_N31E883895
047C16BC6D63
556499801
605752227
gigabyte5996668289
D85ED3A8E7D6
558556133
521421216
502205601
641802103
4C4C4544-0038-4A10-8053-C4C04F444232
/D8JSDB2/CN7220062Q02B9/
1866DA05F8EC
522389671
687727079
03FF0210-04E0-05A7-0106-670700080009
540724912
75BD850C-4492-911C-A2D3-345A604EE59C
07E4221_OB1B272981
28A06BE643D4
